
Gc =
 
  s^2 + 20 s + 15
  ---------------
         s
 
Continuous-time transfer function.


Gcl =
 
          0.07 s^2 + 1.4 s + 1.05
  ----------------------------------------
  0.0024 s^3 + 0.0754 s^2 + 1.404 s + 1.05
 
Continuous-time transfer function.


x =

         0
    0.0862
    0.1691
    0.2489
    0.3252
    0.3981
    0.4674
    0.5333
    0.5956
    0.6544
    0.7096
    0.7614
    0.8098
    0.8549
    0.8967
    0.9353
    0.9708
    1.0034
    1.0330
    1.0599
    1.0841
    1.1058
    1.1250
    1.1420
    1.1567
    1.1694
    1.1802
    1.1891
    1.1963
    1.2020
    1.2061
    1.2089
    1.2104
    1.2108
    1.2101
    1.2085
    1.2059
    1.2026
    1.1986
    1.1940
    1.1889
    1.1832
    1.1772
    1.1709
    1.1643
    1.1574
    1.1504
    1.1433
    1.1361
    1.1289
    1.1216
    1.1145
    1.1074
    1.1004
    1.0935
    1.0868
    1.0802
    1.0738
    1.0676
    1.0617
    1.0559
    1.0504
    1.0451
    1.0401
    1.0353
    1.0307
    1.0264
    1.0224
    1.0186
    1.0150
    1.0117
    1.0086
    1.0057
    1.0031
    1.0006
    0.9984
    0.9964
    0.9945
    0.9929
    0.9914
    0.9901
    0.9889
    0.9879
    0.9871
    0.9863
    0.9857
    0.9852
    0.9849
    0.9846
    0.9844
    0.9843
    0.9843
    0.9844
    0.9845
    0.9847
    0.9849
    0.9852
    0.9856
    0.9859
    0.9863
    0.9868
    0.9872
    0.9877
    0.9882
    0.9886
    0.9891
    0.9897
    0.9902
    0.9907
    0.9912
    0.9917
    0.9921
    0.9926
    0.9931
    0.9936
    0.9940
    0.9944
    0.9948
    0.9952
    0.9956
    0.9960
    0.9964
    0.9967
    0.9970
    0.9973
    0.9976
    0.9978
    0.9981
    0.9983
    0.9985
    0.9987
    0.9989
    0.9991
    0.9993
    0.9994
    0.9995
    0.9996
    0.9997
    0.9998
    0.9999
    1.0000
    1.0000
    1.0001
    1.0001
    1.0002
    1.0002
    1.0002
    1.0002
    1.0002
    1.0002


t =

         0
    0.0030
    0.0060
    0.0090
    0.0120
    0.0150
    0.0180
    0.0210
    0.0241
    0.0271
    0.0301
    0.0331
    0.0361
    0.0391
    0.0421
    0.0451
    0.0481
    0.0511
    0.0541
    0.0571
    0.0601
    0.0631
    0.0661
    0.0691
    0.0722
    0.0752
    0.0782
    0.0812
    0.0842
    0.0872
    0.0902
    0.0932
    0.0962
    0.0992
    0.1022
    0.1052
    0.1082
    0.1112
    0.1142
    0.1172
    0.1203
    0.1233
    0.1263
    0.1293
    0.1323
    0.1353
    0.1383
    0.1413
    0.1443
    0.1473
    0.1503
    0.1533
    0.1563
    0.1593
    0.1623
    0.1653
    0.1684
    0.1714
    0.1744
    0.1774
    0.1804
    0.1834
    0.1864
    0.1894
    0.1924
    0.1954
    0.1984
    0.2014
    0.2044
    0.2074
    0.2104
    0.2134
    0.2165
    0.2195
    0.2225
    0.2255
    0.2285
    0.2315
    0.2345
    0.2375
    0.2405
    0.2435
    0.2465
    0.2495
    0.2525
    0.2555
    0.2585
    0.2615
    0.2646
    0.2676
    0.2706
    0.2736
    0.2766
    0.2796
    0.2826
    0.2856
    0.2886
    0.2916
    0.2946
    0.2976
    0.3006
    0.3036
    0.3066
    0.3096
    0.3127
    0.3157
    0.3187
    0.3217
    0.3247
    0.3277
    0.3307
    0.3337
    0.3367
    0.3397
    0.3427
    0.3457
    0.3487
    0.3517
    0.3547
    0.3577
    0.3608
    0.3638
    0.3668
    0.3698
    0.3728
    0.3758
    0.3788
    0.3818
    0.3848
    0.3878
    0.3908
    0.3938
    0.3968
    0.3998
    0.4028
    0.4058
    0.4089
    0.4119
    0.4149
    0.4179
    0.4209
    0.4239
    0.4269
    0.4299
    0.4329
    0.4359
    0.4389
    0.4419
    0.4449
    0.4479

