LpError = [2.0824489776071307, 1.7719879006073262, 0.7346464498230489]
ButterError = [2.5102992485134665, 0.8219176820739243, 0.6493851564211278]
LPNotchError = 0.7594960613414391
