
HzF =
 
  0.07215 z^4 - 0.2881 z^3 + 0.4319 z^2 - 0.2881 z + 0.07215
  ----------------------------------------------------------
  z^5 - 4.918 z^4 + 9.68 z^3 - 9.531 z^2 + 4.694 z - 0.9251
 
Sample time: 0.001 seconds
Discrete-time transfer function.

