
LpError =

    4.3461    3.1446    0.5460


ButterError =

    4.7315    6.8131    1.0369


BesselError =

    4.7252    6.2031    1.3246


LpNotchError =

    0.7172

