A = [0 1; -g / L -b / (m * L)] = [0.0 1.0; -3.503571428571429 -0.044642857142857144]
Q = [0.1 ^ 2 0; 0 0.25 ^ 2] = [0.010000000000000002 0.0; 0.0 0.0625]
R = [σ_θ ^ 2 0; 0 σ_ω ^ 2] = [0.0625 0.0; 0.0 0.25]
kf_e_rms = [0.08465364260080768, 0.16970747738721473]
